图形矩阵:
 0 7 0 5 0 0 0
 7 0 8 9 7 0 0
 0 8 0 0 5 0 0
 5 9 0 0 15 6 0
 0 7 5 15 0 8 9
 0 0 0 6 8 0 11
 0 0 0 0 9 11 0
路线矩阵:
 2147483647 7 2147483647 5 2147483647 2147483647 2147483647
 7 2147483647 2147483647 2147483647 7 2147483647 2147483647
 2147483647 2147483647 2147483647 2147483647 5 2147483647 2147483647
 5 2147483647 2147483647 2147483647 2147483647 6 2147483647
 2147483647 7 5 2147483647 2147483647 2147483647 9
 2147483647 2147483647 2147483647 6 2147483647 2147483647 2147483647
 2147483647 2147483647 2147483647 2147483647 9 2147483647 2147483647
最小生成树路线:
[(4,1)->5
, (4,6)->6
, (1,2)->7
, (2,5)->7
, (5,3)->5
, (5,7)->9
]
最小生成树权值和 = 39